100 100
100 100
100 101
101 103
101 104
102 105
103 106
103 107
104 108
104 109
105 111
105 111
105 112
106 114
106 114
108 116
108 116
110 119
110 120
111 121
111 122
112 122
113 124
113 124
114 126
114 127
116 129
115 129
116 130
116 131
118 133
118 134
119 135
119 135
120 136
121 138
121 138
123 140
122 140
123 142
124 142
125 144
125 144
127 146
126 146
127 148
128 148
129 150
129 150
130 151
130 152
132 154
132 154
133 156
133 156
134 157
135 159
135 159
137 160
137 161
139 162
139 162
141 164
140 164
142 165
142 166
143 167
143 167
144 170
145 171
146 172
146 173
147 172
147 174
148 174
150 176
150 176
152 178
152 179
153 178
153 180
154 180
154 182
156 182
156 183
157 184
158 186
160 186
159 186
161 188
161 188
162 189
163 190
162 190
164 191
166 193
166 192
167 194
168 195
168 196
169 197
170 197
171 198
172 199
173 199
173 200
173 200
175 201
176 203
176 203
178 204
179 205
178 206
180 206
182 208
181 207
183 209
183 209
184 210
185 211
186 211
187 212
188 213
187 213
190 215
191 216
191 215
191 217
194 217
194 217
195 220
195 220
196 220
197 220
199 222
198 221
200 223
201 224
201 224
201 225
204 225
205 226
205 227
207 228
207 229
207 228
208 229
210 230
211 231
211 232
213 232
214 234
214 233
215 234
216 235
216 234
218 236
219 236
219 238
220 238
221 239
223 240
223 239
223 240
225 242
226 242
226 242
228 242
228 244
230 245
230 244
232 246
233 246
232 246
234 247
235 248
237 249
237 247
238 249
239 250
240 250
241 250
242 251
243 252
244 253
246 254
246 254
247 253
247 255
249 255
249 255
251 257
251 257
253 258
254 257
255 258
256 260
256 260
258 261
258 260
260 261
260 261
262 263
262 262
263 263
265 264
265 264
267 265
268 264
268 266
269 267
271 267
272 268
273 267
274 269
274 268
276 270
277 270
277 270
279 271
280 272
280 272
282 273
284 274
282 272
284 274
286 274
288 275
287 275
288 276
290 275
291 277
291 276
293 278
294 279
295 278
296 279
296 280
298 280
300 281
300 281
301 281
303 281
303 282
304 283
305 284
307 284
307 284
308 284
310 285
311 286
311 286
313 287
314 287
314 287
315 288
317 288
318 289
319 288
321 290
321 290
322 290
323 290
324 292
325 291
327 292
327 293
329 293
329 292
330 294
331 293
333 295
333 295
335 296
336 296
337 297
337 296
340 298
340 297
342 298
343 299
344 300
345 299
345 300
347 301
348 300
349 301
350 301
351 302
352 302
354 304
355 303
356 303
357 304
356 304
359 305
360 304
360 305
363 306
363 306
364 307
366 307
367 309
368 309
369 309
370 308
371 308
371 309
373 310
375 311
375 311
377 311
377 312
379 312
381 314
382 314
382 313
382 313
384 313
385 314
386 314
388 315
389 315
390 315
392 317
392 317
394 318
394 318
396 318
397 319
397 318
399 320
399 320
401 320
402 321
403 321
405 322
405 322
407 322
408 323
409 323
411 324
412 325
413 324
415 325
415 324
415 325
416 325
418 325
420 327
420 327
422 328
424 328
424 327
425 328
426 329
428 330
429 330
430 330
432 331
432 331
433 332
435 332
436 333
437 333
437 332
439 333
440 333
441 334
443 334
444 336
445 335
447 335
447 337
449 336
450 337
451 338
452 338
454 338
454 339
456 339
456 339
458 340
459 340
460 342
461 341
464 343
464 342
465 343
467 343
467 343
468 344
470 344
470 344
471 344
472 345
474 345
475 346
476 346
477 347
479 347
479 348
481 348
483 349
483 349
484 350
486 350
486 350
488 351
490 351
490 351
492 353
493 352
495 353
495 355
497 354
498 355
499 355
500 356
502 356
502 357
504 356
505 358
507 359
507 358
509 359
510 359
510 360
512 359
513 361
515 362
516 362
516 362
518 362
520 363
521 364
521 364
523 365
525 365
525 365
526 366
528 367
529 367
530 368
531 369
532 368
534 369
535 370
536 370
537 371
539 371
540 371
541 372
542 373
544 373
545 374
546 374
548 375
548 375
549 376
551 376
552 377
553 377
555 378
555 378
556 379
557 379
559 379
561 381
562 382
563 382
563 382
564 382
565 383
568 384
569 384
570 385
571 385
573 386
574 386
574 387
576 388
577 389
578 389
579 388
580 390
581 390
583 391
584 391
586 392
587 393
588 393
589 394
591 395
592 395
593 396
594 397
596 397
596 398
598 398
599 399
